2.21578 0.00000 0.00000 0.00000 0.00000 2.95437 0.00000 0.00000 0.00000 0.00000 -1.00602 -0.60181 0.00000 0.00000 -1.00000 0.00000 0 5
2.30143 0.00000 0.00000 0.00000 0.00000 3.06857 0.00000 0.00000 0.00000 0.00000 -1.00602 -0.60181 0.00000 0.00000 -1.00000 0.00000 6 11
2.10624 0.00000 0.00000 0.00000 0.00000 2.80833 0.00000 0.00000 0.00000 0.00000 -1.00602 -0.60181 0.00000 0.00000 -1.00000 0.00000 12 24
2.52387 0.00000 0.00000 0.00000 0.00000 3.36516 0.00000 0.00000 0.00000 0.00000 -1.00602 -0.60181 0.00000 0.00000 -1.00000 0.00000 25 28
3.01931 0.00000 0.00000 0.00000 0.00000 4.02574 0.00000 0.00000 0.00000 0.00000 -1.00602 -0.60181 0.00000 0.00000 -1.00000 0.00000 29 36
2.11793 0.00000 0.00000 0.00000 0.00000 2.82391 0.00000 0.00000 0.00000 0.00000 -1.00602 -0.60181 0.00000 0.00000 -1.00000 0.00000 37 42
2.10044 0.00000 0.00000 0.00000 0.00000 2.80059 0.00000 0.00000 0.00000 0.00000 -1.00602 -0.60181 0.00000 0.00000 -1.00000 0.00000 43 47
2.10624 0.00000 0.00000 0.00000 0.00000 2.80833 0.00000 0.00000 0.00000 0.00000 -1.00602 -0.60181 0.00000 0.00000 -1.00000 0.00000 48 66
2.52387 0.00000 0.00000 0.00000 0.00000 3.36516 0.00000 0.00000 0.00000 0.00000 -1.00602 -0.60181 0.00000 0.00000 -1.00000 0.00000 67 73
2.32205 0.00000 0.00000 0.00000 0.00000 3.09606 0.00000 0.00000 0.00000 0.00000 -1.00602 -0.60181 0.00000 0.00000 -1.00000 0.00000 74 78
2.11793 0.00000 0.00000 0.00000 0.00000 2.82391 0.00000 0.00000 0.00000 0.00000 -1.00602 -0.60181 0.00000 0.00000 -1.00000 0.00000 79 84
2.30143 0.00000 0.00000 0.00000 0.00000 3.06857 0.00000 0.00000 0.00000 0.00000 -1.00602 -0.60181 0.00000 0.00000 -1.00000 0.00000 85 90
2.10624 0.00000 0.00000 0.00000 0.00000 2.80833 0.00000 0.00000 0.00000 0.00000 -1.00602 -0.60181 0.00000 0.00000 -1.00000 0.00000 91 110
2.15977 0.00000 0.00000 0.00000 0.00000 2.87970 0.00000 0.00000 0.00000 0.00000 -1.00602 -0.60181 0.00000 0.00000 -1.00000 0.00000 111 114
2.06061 0.00000 0.00000 0.00000 0.00000 2.74748 0.00000 0.00000 0.00000 0.00000 -1.00602 -0.60181 0.00000 0.00000 -1.00000 0.00000 115 120
2.45314 0.00000 0.00000 0.00000 0.00000 3.27085 0.00000 0.00000 0.00000 0.00000 -1.00602 -0.60181 0.00000 0.00000 -1.00000 0.00000 121 129
2.45314 0.00000 0.00000 0.00000 0.00000 3.27085 0.00000 0.00000 0.00000 0.00000 -1.00602 -0.60181 0.00000 0.00000 -1.00000 0.00000 130 136
2.22858 0.00000 0.00000 0.00000 0.00000 2.97144 0.00000 0.00000 0.00000 0.00000 -1.00602 -0.60181 0.00000 0.00000 -1.00000 0.00000 137 152
2.24803 0.00000 0.00000 0.00000 0.00000 2.99738 0.00000 0.00000 0.00000 0.00000 -1.00602 -0.60181 0.00000 0.00000 -1.00000 0.00000 153 158
2.16587 0.00000 0.00000 0.00000 0.00000 2.88783 0.00000 0.00000 0.00000 0.00000 -1.00602 -0.60181 0.00000 0.00000 -1.00000 0.00000 159 166
2.45314 0.00000 0.00000 0.00000 0.00000 3.27085 0.00000 0.00000 0.00000 0.00000 -1.00602 -0.60181 0.00000 0.00000 -1.00000 0.00000 167 174
2.45314 0.00000 0.00000 0.00000 0.00000 3.27085 0.00000 0.00000 0.00000 0.00000 -1.00602 -0.60181 0.00000 0.00000 -1.00000 0.00000 175 180
2.11793 0.00000 0.00000 0.00000 0.00000 2.82391 0.00000 0.00000 0.00000 0.00000 -1.00602 -0.60181 0.00000 0.00000 -1.00000 0.00000 181 185
2.22858 0.00000 0.00000 0.00000 0.00000 2.97144 0.00000 0.00000 0.00000 0.00000 -1.00602 -0.60181 0.00000 0.00000 -1.00000 0.00000 186 196
2.24803 0.00000 0.00000 0.00000 0.00000 2.99738 0.00000 0.00000 0.00000 0.00000 -1.00602 -0.60181 0.00000 0.00000 -1.00000 0.00000 197 205
2.16587 0.00000 0.00000 0.00000 0.00000 2.88783 0.00000 0.00000 0.00000 0.00000 -1.00602 -0.60181 0.00000 0.00000 -1.00000 0.00000 206 212
2.45314 0.00000 0.00000 0.00000 0.00000 3.27085 0.00000 0.00000 0.00000 0.00000 -1.00602 -0.60181 0.00000 0.00000 -1.00000 0.00000 213 220
2.45314 0.00000 0.00000 0.00000 0.00000 3.27085 0.00000 0.00000 0.00000 0.00000 -1.00602 -0.60181 0.00000 0.00000 -1.00000 0.00000 221 226
2.11793 0.00000 0.00000 0.00000 0.00000 2.82391 0.00000 0.00000 0.00000 0.00000 -1.00602 -0.60181 0.00000 0.00000 -1.00000 0.00000 227 232
2.34300 0.00000 0.00000 0.00000 0.00000 3.12400 0.00000 0.00000 0.00000 0.00000 -1.00602 -0.60181 0.00000 0.00000 -1.00000 0.00000 233 238
2.15977 0.00000 0.00000 0.00000 0.00000 2.87970 0.00000 0.00000 0.00000 0.00000 -1.00602 -0.60181 0.00000 0.00000 -1.00000 0.00000 239 244
2.17816 0.00000 0.00000 0.00000 0.00000 2.90421 0.00000 0.00000 0.00000 0.00000 -1.00602 -0.60181 0.00000 0.00000 -1.00000 0.00000 245 249
2.11793 0.00000 0.00000 0.00000 0.00000 2.82391 0.00000 0.00000 0.00000 0.00000 -1.00602 -0.60181 0.00000 0.00000 -1.00000 0.00000 250 254
2.29463 0.00000 0.00000 0.00000 0.00000 3.05950 0.00000 0.00000 0.00000 0.00000 -1.00602 -0.60181 0.00000 0.00000 -1.00000 0.00000 255 259
2.10624 0.00000 0.00000 0.00000 0.00000 2.80833 0.00000 0.00000 0.00000 0.00000 -1.00602 -0.60181 0.00000 0.00000 -1.00000 0.00000 260 270
2.24803 0.00000 0.00000 0.00000 0.00000 2.99738 0.00000 0.00000 0.00000 0.00000 -1.00602 -0.60181 0.00000 0.00000 -1.00000 0.00000 271 278
2.16587 0.00000 0.00000 0.00000 0.00000 2.88783 0.00000 0.00000 0.00000 0.00000 -1.00602 -0.60181 0.00000 0.00000 -1.00000 0.00000 279 285
2.45314 0.00000 0.00000 0.00000 0.00000 3.27085 0.00000 0.00000 0.00000 0.00000 -1.00602 -0.60181 0.00000 0.00000 -1.00000 0.00000 286 293
2.45314 0.00000 0.00000 0.00000 0.00000 3.27085 0.00000 0.00000 0.00000 0.00000 -1.00602 -0.60181 0.00000 0.00000 -1.00000 0.00000 294 300
2.29463 0.00000 0.00000 0.00000 0.00000 3.05950 0.00000 0.00000 0.00000 0.00000 -1.00602 -0.60181 0.00000 0.00000 -1.00000 0.00000 301 305
2.22858 0.00000 0.00000 0.00000 0.00000 2.97144 0.00000 0.00000 0.00000 0.00000 -1.00602 -0.60181 0.00000 0.00000 -1.00000 0.00000 306 318
